Квантиль хи-квадрат распределения (alpha): 0.05
Количество элементов (n): 100
Параметры распределения Пуассона (lambda): 14

Последовательность: [21, 13, 16, 14, 10, 12, 22, 9, 16, 16, 18, 14, 23, 13, 16, 16, 16, 14, 13, 14, 13, 18, 12, 17, 19, 11, 17, 19, 15, 10, 11, 12, 18, 16, 13, 16, 8, 16, 18, 13, 15, 13, 15, 15, 17, 14, 18, 11, 10, 12, 17, 14, 8, 16, 9, 9, 12, 11, 12, 10, 19, 19, 12, 15, 10, 13, 12, 9, 9, 15, 8, 10, 17, 18, 13, 12, 15, 24, 10, 20, 13, 21, 9, 15, 10, 16, 9, 13, 14, 17, 12, 13, 18, 16, 16, 11, 9, 13, 10, 25]
Вероятности: [0.0, 0.0, 0.0, 0.0, 0.001, 0.004, 0.009, 0.017, 0.03, 0.047, 0.066, 0.084, 0.098, 0.106, 0.106, 0.099, 0.087, 0.071, 0.055, 0.041, 0.029, 0.019, 0.012, 0.007, 0.004, 0.002, 0.001, 0.001, 0.0, 0.0, 0.0, 0.0, 0.0, 0.0, 0.0, 0.0, 0.0, 0.0, 0.0, 0.0, 0.0, 0.0, 0.0, 0.0, 0.0, 0.0, 0.0, 0.0, 0.0, 0.0, 0.0, 0.0, 0.0, 0.0, 0.0, 0.0, 0.0, 0.0, 0.0, 0.0, 0.0, 0.0, 0.0, 0.0, 0.0, 0.0, 0.0, 0.0, 0.0, 0.0, 0.0, 0.0, 0.0, 0.0, 0.0, 0.0, 0.0, 0.0, 0.0, 0.0, 0.0, 0.0, 0.0, 0.0, 0.0, 0.0, 0.0, 0.0, 0.0, 0.0, 0.0, 0.0, 0.0, 0.0, 0.0, 0.0, 0.0, 0.0, 0.0, 0.0]
Сумма вероятностей: 1.0
Количество попаданий в интервал: {21: 2, 13: 13, 16: 13, 14: 7, 10: 9, 12: 10, 22: 1, 9: 8, 18: 7, 23: 1, 17: 6, 19: 4, 11: 5, 15: 8, 8: 3, 24: 1, 20: 1, 25: 1}
Относительные частоты попадания в интервал (v): 0.02, 0.13, 0.13, 0.07, 0.09, 0.1, 0.01, 0.08, 0.07, 0.01, 0.06, 0.04, 0.05, 0.08, 0.03, 0.01, 0.01, 0.01

Количество операций: 1683

Значение S_alpha: 105.267
Гипотеза не отвергается: S_alpha > alpha = 105.267 > 0.05

Степени свободы (r): 83
Значение S: 17.28
Значение P{S > S*}: 1.0
Гипотеза не отвергается: P{S > S*} > alpha = 1.0 > 0.05

Результат прохождения теста: True